3 4 5 2
10  50
20  134   10    40  
80
1     1     200    250    2    (1,20),(84,17)
10    2     56     100    4    (12,7),(34,13),(44,2),(52,5)
15    3     134    150    0    
20    4     81     150    1    (25,5)
25    5     27     80     0    
30    6     107    150    5    (29,6),(39,6),(49,3),(67,3),(78,4)
39    7     73     270    2    (33,3),(66,6)
41    8     90     140    3    (40,10),(60,10),(80,10)
43    9     121    191    2    (54,9),(90,12)
45    10    200    300    0    
48    11    134    400    1    (30,4)
50    12    80     190    2    (50,2),(78,2)
54    13    92     201    1    (74,5)
63    14    34     150    0    
65    15    88     188    2    (55,9),(70,13)
68    16    199    401    3    (67,13),(80,3),(100,4)
69    17    150    450    2    (53,11),(104,4)
71    18    161    500    1    (110,19)
74    19    93     290    1    (65,14)
77    20    108    390    0    
80    21    183    200    4    (44,6),(61,5),(100,10),(131,13)
83    22    127    280    0    
87    23    20     173    0    
95    24    40     129    1    (10,3)
100   25    35     243    0     
101   26    200    250    2    (1,20),(84,17)
110   27    56     100    4    (12,7),(34,13),(44,2),(52,5)
115   28    134    150    0    
120   29    81     150    1    (25,5)
125   30    27     80     0    
130   31    107    150    5    (29,6),(39,6),(49,3),(67,3),(78,4)
139   32    73     270    2    (33,3),(66,6)
141   33    90     140    3    (40,10),(60,10),(80,10)
143   34    121    191    2    (54,9),(90,12)
145   35    200    300    0    
148   36    134    400    1    (30,4)
150   37    80     190    2    (50,2),(78,2)
154   38    92     201    1    (74,5)
163   39    34     150    0    
165   40    88     188    2    (55,9),(70,13)
168   41    199    401    3    (67,13),(80,3),(100,4)
169   42    150    450    2    (53,11),(104,4)
171   43    161    500    1    (110,19)
174   44    93     290    1    (65,14)
177   45    108    390    0    
180   46    183    200    4    (44,6),(61,5),(100,10),(131,13)
183   47    127    280    0    
187   48    20     173    0    
195   49    40     129    1    (10,3)
200   50    35     243    0     
201   51    200    250    2    (1,20),(84,17)
210   52    56     100    4    (12,7),(34,13),(44,2),(52,5)
215   53    134    150    0    
220   54    81     150    1    (25,5)
225   55    27     80     0    
230   56    107    150    5    (29,6),(39,6),(49,3),(67,3),(78,4)
239   57    73     270    2    (33,3),(66,6)
241   58    90     140    3    (40,10),(60,10),(80,10)
243   59    121    191    2    (54,9),(90,12)
245   60    200    300    0    
248   61    134    400    1    (30,4)
250   62    80     190    2    (50,2),(78,2)
254   63    92     201    1    (74,5)
263   64    34     150    0    
265   65    88     188    2    (55,9),(70,13)
268   66    199    401    3    (67,13),(80,3),(100,4)
269   67    150    450    2    (53,11),(104,4)
271   68    161    500    1    (110,19)
274   69    93     290    1    (65,14)
277   70    108    390    0    
280   71    183    200    4    (44,6),(61,5),(100,10),(131,13)
283   72    127    280    0    
287   73    20     173    0    
295   74    40     129    1    (10,3)
300   75    35     243    0     
301   76    200    250    2    (1,20),(84,17)
310   77    56     100    4    (12,7),(34,13),(44,2),(52,5)
315   78    134    150    0    
320   79    81     150    1    (25,5)
325   80    27     80     0    
5     1   
15    2   
20    3   
25    4   
30    5   
35    6   
45    7   
49    8   
55    9   
60    10  
65    11  
70    12  
74    13  
75    14  
88    15  
91    16  
100   17  
102   18  
103   19  
104   20  
160   30  
165   31  
175   32  
181   33  
188   34  
191   35  
197   36  
200   37  
202   38  
210   39  
215   40  
218   41  
219   42  
245   43  
250   44  
254   45  
255   46  
265   47  
270   48  
275   49  
280   50  
283   51  
284   52  
285   53  
285   54  
287   55  
288   56  
290   57  
291   58  
292   59  
293   60  
294   61  
295   62  
296   63  
298   64  
300   65  
302   66  
314   67  
315   68  
316   69  
317   70  
318   71  
320   72  
321   73  
322   74  
323   75  
333   76  
334   77  
335   78  
340   79  
