1 0 1 0
10 50
20   100   30    30
10
3     1     200    250    2    (1,20),(84,17)
3     2     56     100    4    (12,7),(34,13),(44,2),(52,5)
5     3     134    150    5    (29,6),(39,6),(49,3),(67,3),(78,4)
5     4     81     150    1    (25,5)
7     5     270     80    5    (29,6),(39,6),(49,3),(67,3),(78,4)
7     6     107    150    5    (29,6),(39,6),(49,3),(67,3),(78,4)
10    7     73     270    2    (33,3),(66,6)
13    8     90     140    3    (40,10),(60,10),(80,10)
14    9     121    191    2    (54,9),(90,12)
15    10    200    300    5    (29,6),(39,6),(49,3),(67,3),(78,4)  
40 1
50 2
60 3
60 4
70 5
130 6
170 7
300 8
301 9  