6 7 8 7
12 500
20 360 30 30
50
2 1  35 60 3 (5,12),(13,8),(5,7)
2 2  56 70 2 (12,7),(13,7)
2 3 24 80 0
2 4 44 50 0
2 5 45 54 0
3 6 65 70 5 (5,13),(12,7),(7,2),(6,5),(3,10)
3 7 76 80 4 (12,7),(7,2),(8,5),(9,10)
3 8 100 30 0
3 9 87 700 0
3 10 56 234 0
3 11 66 456 0
3 12 67 234 0
4 13 35 345 0
4 14 34 123 0
4 15 74 231 0
4 16 20 321 2 (1,20),(84,17)
4 17 56 91 5 (5,13),(12,7),(7,2),(3,5),(3,10)
4 18 134 567 0
4 19 44 67 0
4 20 34 34 0
4 21 58 23 0
4 22 55 10 0
5 23 11 23 0
5 24 34 345 0
5 25 74 568 0
5 26 134 987 0
5 27 44 453 0
5 28 34 387 0
6 29 58 142 0
6 30 55 095 0
6 31 11 565 0
6 32 34 556 0
6 33 74 876 0
6 34 200 342 2 (1,20),(84,17)
6 35 56 321 0
6 36 20 43 2 (1,20),(84,17)
6 37 56 34 5 (5,13),(12,7),(7,2),(2,5),(3,10)
6 38 134 23 0
6 39 44 56 0
6 40 34 67 0
6 41 58 78 0
6 42 55 345 0
10 43 11 667 0
10 44 34 778 0
10 45 74 787 0
12 46 66 750 6 (34,8),(2,4),(7,70),(8,50),(50,8),(6,60)
12 47 56 320 0
12 48 43 240 0
12 49 46 250 0
12 50 90 360 0
3 2
10 40
40 10
23 10
24 11
46 12
48 13
59 22
60 35