3 3 3 3
10 200
30 290 20 20
40
3 1 65 70 5 (5,13),(12,7),(7,2),(6,5),(3,10)
3 2 76 80 4 (12,7),(7,2),(8,5),(9,10)
3 3 100 30 0
3 4 87 700 0
3 5 56 234 0
3 6 66 456 0
3 7 67 234 0
4 8 35 345 0
4 9 34 123 0
4 10 74 231 0
4 11 20 321 2 (1,20),(84,17)
4 12 56 91 5 (5,13),(12,7),(7,2),(3,5),(3,10)
4 13 134 567 0
4 14 44 67 0
4 15 34 34 0
4 16 58 23 0
4 17 55 10 0
5 18 11 23 0
5 19 34 345 0
5 20 74 568 0
5 21 134 987 0
5 22 44 453 0
5 23 34 387 0
6 24 58 142 0
6 25 55 095 0
6 26 11 565 0
6 27 34 556 0
6 28 74 876 0
6 29 200 342 2 (1,20),(84,17)
6 30 56 321 0
6 31 20 43 2 (1,20),(84,17)
6 32 56 34 5 (5,13),(12,7),(7,2),(2,5),(3,10)
6 33 134 23 0
6 34 44 56 0
6 35 34 67 0
6 36 58 78 0
6 37 55 345 0
10 38 11 667 0
10 39 34 778 0
10 40 74 787 0
3 2
23 10
24 11
46 12
48 13
59 22
60 35