4 4 4 4
3 10
4 50 10 1
50
2 1 100 30 2 (17,6),(25,4)
3 2 70 21 0
3 3 78 34 3 (35,6),(4,6),(5,6)
3 4 154 45 4 (12,2),(20,13),(30,7),(40,10)
7 5 170 67 1 (20,15)
8 6 20 23 1 (10,6)
9 7 145 78 0
15 8 65 89 0
16 9 245 45 2 (50,14),(60,13)
19 10 215 23 0
22 11 110 89 2 (29,22),(56,9)
22 12 22 78 0
25 13 87 123 3 (2,11),(4,15),(6,17)
26 14 55 345 1 (4,6)
28 15 114 434 2 (3,12),(5,17)
34 16 27 87 0
34 17 77 577 2 (4,12),(61,23)
38 18 178 345 0 
40 19 157 234 1 (60,11)
41 20 175 124 0
42 21 255 234 0 
45 22 99 321 2 (55,11),(6,12)
50 23 256 124 3 (11,23),(34,12),(12,23)
51 24 445 453 3 (12,3),(23,4),(46,3)
51 25 125 234 4 (12,12),(45,11),(5,12),(34,33)
53 26 322 435 1 (12,5)
55 27 211 556 1 (15,6)
57 28 345 789 1 (18,7)
58 29 320 346 2 (19,20),(30,19)
61 30 450 456 3 (19,56),(30,36),(40,8)
63 31 213 344 0
65 32 156 698 0
65 33 123 967 0
66 34 165 676 0
66 35 164 767 1 (50,9)
70 36 156 564 3 (28,22),(20,18),(19,33)
71 37 159 435 2 (45,27),(28,30)
72 38 421 455 0
75 39 320 656 4 (28,27),(22,2),(29,3),(46,3)
76 40 211 566 0
79 41 246 668 4 (10,7),(20,39),(30,6),(50,8)
83 42 154 788 2 (30,10),(40,11) 
84 43 152 565 4 (6,11),(19,33),(27,11),(49,11)
85 44 124 567 0
86 45 146 346 3 (35,1),(48,33),(32,55)
90 46 402 654 1 (18,28)
92 47 300 987 2 (11,23),(48,11)
92 48 301 756 0
98 49 500 567 0
100 50 126 986 4 (17,28),(3,28),(59,11),(7,12)