3 4 2 1
10 10
4  500  100   30
60
3     1     200    250    2    (1,20),(84,17)
3     2     56     100    4    (12,7),(34,13),(44,2),(52,5)
5     3     134    150    0    
5     4     81     150    1    (25,5)
7     5     27     80     0    
7     6     107    150    5    (29,6),(39,6),(49,3),(67,3),(78,4)
10    7     73     270    2    (33,3),(66,6)
13    8     90     140    3    (40,10),(60,10),(80,10)
14    9     121    191    2    (54,9),(90,12)
15    10    200    300    0    
17    11    134    400    1    (30,4)
19    12    80     190    2    (50,2),(78,2)
19    13    92     201    1    (74,5)
21    14    34     150    0    
21    15    88     188    2    (55,9),(70,13)
23    16    199    401    3    (67,13),(80,3),(100,4)
24    17    150    450    2    (53,11),(104,4)
25    18    161    500    1    (110,19)
25    19    93     290    1    (65,14)
27    20    108    390    0    
30    21    183    200    4    (44,6),(61,5),(100,10),(131,13)
34    22    127    280    0    
35    23    20     173    0    
37    24    40     129    1    (10,3)
37    25    35     243    0    
38    26    66     341    1    (16,16)
40    27    27     700    0    
40    28    70     238    1    (35,3)
43    29    101    489    2    (51,15),(89,6)
45    30    169    576    3    (69,6),(99,3),(123,4)
46    31    65     340    2    (25,5),(35,7)
48    32    70     290    1    (34,6)
51    33    53     598    0    
54    34    55     619    0    
60    35    20     652    0    
65    36    30     700    0
70    37    50     500    1    (10,10)
75    38    45     710    1    (5,15)
80    39    100    800    0
85    40    110    760    2    (40,10),(60,10)
90    41    12     500    1    (10,1)
95    42    25     600    0
100   43    67     900    0
105   44    85     908    3    (10,10),(20,20),(30,30)
110   45    98     790    0
115   46    100    564    0
120   47    23     708    1    (20,2)
125   48    48     1005   0
130   49    149    1009   2    (10,30),(40,40)
135   50    209    910    1    (150,5)
140   51    154    1340   0
145   52    39     888    1    (21,21)
150   53    58     487    2    (23,23),(32,2)
155   54    67     745    1    (30,23)
160   55    75     822    0
165   56    68     668    1    (40,40)
170   57    157    1157   1    (20,12)
175   58    185    596    0
180   59    103    1103   0
185   60    77     656    0
10    4
20    5
30    7
40    1
90    19
100   20
120   15
130   17
150   23 
180   25
200   30
220   27
230   22
240   34
260   16
300   33
315   35
350   12
375   37
376   30
400   40
407   38