TT        PID        AT        CT        IO_D        WT      RT      TRT
73         2         3        70         0         0         0        70
81        14        26        55         0         0         0        55
84         8        15        65         0         4         0        69
238        12        22        22         0       194        62       216
474        50       100       126        28       248         0       374
565         3         3        78         6       484        78       562
586        25        51       125         0       410         0       535
680        32        65       156         0       459         0       615
721        44        85       124         0       512         0       636
828        17        34        77         0       717         0       794
879         1         2       100         6       777       472       877
913        20        41       175         0       697         0       872
937         7         9       145         0       783         0       928
943        23        50       256         0       637       863       893
1100        42        83       154         0       863         0      1017
1252        27        55       211         6       986         0      1197
1265        19        40       157         0      1068       681      1225
1267        36        70       156         0      1041      1182      1197
1308         5         7       170        15      1131         0      1301
1310         9        16       245        27      1049         0      1294
1319         6         8        20         0      1291      1300      1311
1484        33        65       123         0      1296         0      1419
1488        15        28       114        12      1346         0      1460
1548        16        34        27         0      1487         0      1514
1615        28        57       345         0      1213      1427      1558
1616        26        53       322         0      1241         0      1563
1661        43        84       152         0      1425      1183      1577
1666        34        66       165         0      1435         0      1600
1719        31        63       213         0      1443      1598      1656
1733         4         3       154        15      1576      1262      1730
1758        45        86       146         0      1526      1633      1672
1791        22        45        99         0      1647      1503      1746
1927        18        38       178         0      1711         0      1889
1966        39        75       320         0      1571      1540      1891
1969        29        58       320        20      1591      1252      1911
1972        40        76       211         0      1685      1540      1896
2014        11        22       110        22      1882      1950      1992
2031        10        19       215         0      1797        54      2012
2074        48        92       301         0      1681      1699      1982
2159        13        25        87        11      2047       213      2134
2184        38        72       421         0      1691      1959      2112
2312        35        66       164         0      2082      1692      2246
2378        37        71       159         0      2148      2003      2307
2449        41        79       246         0      2124      1890      2370
2472        49        98       500         0      1874      2061      2374
2486        30        61       450         0      1975      2388      2425
2500        21        42       255         0      2203      2444      2458
2598        47        92       300        23      2206         0      2506
2599        46        90       402         0      2107      2508      2509
2611        24        51       445         0      2115      2133      2560

Processes: 50
Avg WT = 1269.52      Avg RT = 811.4      Avg TRT = 1462.14
Migration %:     RTF= 0%,      MaxW= 0%
Work Steal%: 1384%
Forked Process: 0%
Killed Process: 0%
Processes Finished before deadline: 92%
Processsors: 5 [ 5 FCFS, 0 SJF, 0 EDF, 0 RR ]
 ******** Processors Load *********
p1= 2.69742%,	
p2= 2.81916%,	
p3= 2.79864%,	
p4= 2.4088%,	
p5= 2.51823%,	

 ********* Processors Utiliz ********** 
p1= 90.8337%,	
p2= 93.0474%,	
p3= 91.9137%,	
p4= 81.9451%,	
p5= 85.6678%,	

AvgUtilization = 88.6815%