TT        PID        AT        CT        IO_D        WT      RT      TRT
35        81         1       199         0         0         0        34
35        85         4       194         0        31         0        31
35        86         5       194         0        30         0        30
52         5        25        27         0         0         0        27
57        82         3       196         0         0         0        54
57        83         3       195         0        54         0        54
57        87        35       163         0        22         0        22
104        20        77       108         0        27         0        27
107        89        87        19         0        20         0        20
107        90        88        18         0        19         0        19
107        23        87        20         0         0         0        20
122        91       108       103         0         0         0        14
122        92       108       102         0        14         0        14
122        94       112        98         0        10         0        10
135        25       100        35         0         0         0        35
149        93       110       101         0        39         0        39
154        84         4       196         0       150         0       150
154        88        37       163         0       117         0       117
154        95       125        86         0        29         0        29
194        30       125        27         0        42         0        69
196         2        10        56         7       130         0       186
202        38       154        92         0        38         0        48
204        98       202        32         0         2         0         2
215       100       209         5         0         6         0         6
215       101       213         1         0         2         0         2
215        48       187        20         0         8         7        28
216         8        41        90        10        85         0       175
218       102       217         0         0         1         0         1
218        14        63        34         0       121       152       155
235        96       174        92         0        61         0        61
235        97       175        91         0        60         0        60
235        99       203        31         0        32         0        32
235       104       226        72         0         9         0         9
264       106       261        26         0         3         0         3
267        44       174        93         0         0         0        93
288       107       263        24         0        25         0        25
288        55       225        27         0        36         0        63
290       103       220        78         0        70         0        70
290       105       235        63         0        55         0        55
307       108       289        17         0        18        18        18
307       109       291        15         0        16         0        16
307        73       287        20         0         0         0        20
314       110       310       137         0         4         0         4
314       111       311       136         0         3         0         3
320        50       200        35         0        85        88       120
323        75       300        35         0        23         0        23
324        24        95        40         3       189         0       229
331       112       315       133         0        16         0        16
331       113       318       130         0        13         0        13
356        80       325        27         0         4         0        31
376        64       263        34         0        79        93       113
379        49       195        40         3       144         1       184
383         7        39        73         3       271         0       344
392        27       110        56         7       226       269       282
395       114       341        92         0        54         0        54
395       115       342        91         0        53         0        53
404       118       382        82         0        22         0        22
406       116       366       181         0        40         0        40
406       117       367       180         0        39         0        39
406       119       387        77         0        19         0        19
475       121       456        55         0         0         0        19
475       122       456        54         0        19         0        19
488       120       454        57         0        34         0        34
510       124       457        52         0        53        53        53
510       125       458        51         0        52         0        52
510       123       457        53         0         0         0        53
515       126       478        33         0        33         0        37
515       127       511        32         0         4         0         4
600         1         1       200         0       399         0       599
650        29       120        81         5       449       256       530
655        39       163        34         0       458       487       492
678        47       183       127         0       368         0       495
736        57       239        73         0       424         0       497
773        77       310        56         0       407       426       463
812        37       150        80         0       582        68       662
830         3        15       134         0       681       797       815
832        56       230       107         0       495         0       602
887        74       295        40         3       552       360       592
907        69       274        93        14       540       613       633
914        36       148       134         0       632         0       766
925        34       143       121         9       661       764       782
997        61       248       134         0       615         0       749
1016        53       215       134         0       667       710       801
1026        65       265        88         9       673        55       761
1029        54       220        81         5       728       777       809
1037        32       139        73         0       825         0       898
1042        31       130       107         0       805       907       912
1061        11        48       134         4       879       994      1013
1079         4        20        81         5       978      1041      1059
1090        12        50        80         0       960         0      1040
1109        52       210        56        20       843       880       899
1128        62       250        80         4       798       859       878
1148        45       177       108         0       863       951       971
1168        19        74        93        14      1001      1074      1094
1196        78       315       134         0       747         0       881
1216        40       165        88         0       963      1031      1051
1217        70       277       108         0       832       555       940
1235        15        65        88         0      1082      1151      1170
1255        13        54        92         0      1109      1181      1201
1290        18        71       161         0      1058      1097      1219
1296         6        30       107         0      1159      1260      1266
1316        59       243       121         9       952      1053      1073
1332        43       171       161         0      1000         0      1161
1334        79       320        81         5       933         0      1014
1336         9        43       121         9      1172      1273      1293
1352        58       241        90        10      1021      1091      1111
1356        22        83       127         0      1146      1253      1273
1364        17        69       150        11      1145      1287      1295
1389        33       141        90        20      1158      1076      1248
1407        72       283       127         0       997      1106      1124
1424        41       168       199         0      1057      1196      1256
1424        51       201       200        37      1023         0      1223
1427        76       301       200        20       926      1106      1126
1430        35       145       200         0      1085         0      1285
1432        63       254        92         5      1086      1170      1178
1447        67       269       150        11      1028      1158      1178
1452        10        45       200         0      1207      1387      1407
1471        68       271       161         0      1039         0      1200
1487        28       115       134         0      1238         0      1372
1509        66       268       199        13      1042         0      1241
1536        71       280       183         6      1073      1054      1256
1556        42       169       150        11      1237      1367      1387
1566        16        68       199        16      1299      1441      1498
1576        21        80       183        11      1313      1476      1496
1579        60       245       200         0      1134         0      1334
1586        46       180       183         0      1223      1386      1406
1641        26       101       200        20      1340         0      1540

Processes: 127
Avg WT = 440.693      Avg RT = 313.819      Avg TRT = 506.441
Migration %:     RTF= 71.6535%,      MaxW= 1052.76%
Work Steal%: 666.142%
Forked Process: 37.0079%
Killed Process: 2.3622%
Processes Finished before deadline: 96%
Processsors: 14 [ 3 FCFS, 4 SJF, 2 EDF, 5 RR ]
 ******** Processors Load *********
p1= 0.506857%,	
p2= 0.248764%,	
p3= 0.396468%,	
p4= 0.995056%,	
p5= 0.998165%,	
p6= 1.19562%,	
p7= 1.32467%,	
p8= 1.14898%,	
p9= 1.39308%,	
p10= 0.813147%,	
p11= 1.11944%,	
p12= 1.12877%,	
p13= 0.973289%,	
p14= 0.861345%,	

 ********* Processors Utiliz ********** 
p1= 22.6862%,	
p2= 12.4611%,	
p3= 19.1011%,	
p4= 88.5201%,	
p5= 82.9457%,	
p6= 87.7854%,	
p7= 91.9094%,	
p8= 84.3607%,	
p9= 82.963%,	
p10= 67.5711%,	
p11= 77.6699%,	
p12= 74.2331%,	
p13= 64.0082%,	
p14= 56.6462%,	

AvgUtilization = 65.2044%