TT        PID        AT        CT        IO_D        WT      RT      TRT
30         5        25        27         0         0         0         5
59        83        26        38         0         4         0        33
59        85        47        20         0        12         0        12
65        84        41        23         0        24        24        24
65        81        13        52         0         0         0        52
66        82        19        46         0        47        47        47
66         2        10        56         0         0         0        56
70        12        50        80         0        16         0        20
81        86        75        37         0         6         0         6
81        87        79        73         0         2         0         2
97        14        63        34         0         0         0        34
102        18        71       161         0         0         0        31
102        90        94       137         0         8         0         8
107        23        87        20         0         0         0        20
113        88        85        27         0        28         0        28
113        89        90        22         0        18        17        23
113         4        20        81         0        12         0        93
135        25       100        35         0         0         0        35
157        92       127        38         0        30         0        30
157        94       148       164         0         9         0         9
166        97       163         2         0         3         0         3
166        95       149        16         0        17         0        17
166        27       110        56         0         0         0        56
183        96       151       112         0        32         0        32
188        91       114       149         0        53        52        74
188        93       138       174         0        50         0        50
210        39       163        34         0        47         0        47
218        41       168       199         0        50         0        50
223         7        39        73         0       111         0       184
230        32       139        73         3        18         0        91
235        50       200        35         0         0         0        35
239        99       228        12         0        11         0        11
239       100       229        11         0        10         0        10
241        29       120        81         5        40         0       121
245       101       243         1         0         2         0         2
245         1         1       200        37        44         0       244
250        44       174        93         0        72        71        76
250       103       246        92         0         4         0         4
254        45       177       108         0         0         0        77
260        24        95        40         0       125       140       165
265        47       183       127         0        82         0        82
270        48       187        20         0        83         0        83
272        55       225        27         0        20         0        47
275        49       195        40         0        55         0        80
275       105       260        29         0        15         0        15
277        98       201       101         0        76         0        76
285        53       215       134         0        24        15        70
285       106       262       110         0        23         0        23
285       107       269       103         0        16         0        16
286        19        74        93        14       119         0       212
288        56       230       107         6        29         0        58
294         8        41        90         0       163         0       253
297        64       263        34         0         0         0        34
322        74       295        40         0        27         0        27
325       104       258        71         0        27         0        67
325       109       298        57         0        27         0        27
325       110       299        80         0        26         0        26
325       112       305        45         0        20         0        20
341       102       245       105         0        30         0        96
341       108       278       101         0        63         0        63
341       111       303        52         0        38         0        38
351        40       165        88         0        98        76       186
362        52       210        56         7        96         0       152
377         6        30       107         0       240       264       347
380        75       300        35         0        45        51        80
384       113       337        46         0        25         0        47
384       114       351        32         0        33         0        33
384        54       220        81         5        83         0       164
384        57       239        73         3        72        33       145
405        20        77       108         0       220         0       328
407        58       241        90         0        76         0       166
407        31       130       107        15       170       254       277
415       115       389        31         0         1         0        26
419        34       143       121         9       155       219       276
420       116       413         7         0         0         0         7
421        62       250        80         2        91        36       171
431        73       287        20         0       124         0       144
439        77       310        56         7        73       109       129
444       117       432       188         0         1         0        12
459        80       325        27         0       107       106       134
484         9        43       121         0       320       180       441
520         3        15       134         0       371         0       505
521       118       438       182         0        83         0        83
521        11        48       134         4       339         0       473
526        15        65        88         9       373       455       461
526        79       320        81         0       125       164       206
536       119       460       133         0         1         0        76
536       120       464       129         0        72         0        72
544        59       243       121        21       180       162       301
561       121       492       101         0         1         0        69
561       122       515        78         0        46         0        46
561       123       519        74         0        42         0        42
561        38       154        92         0       315         0       407
565        63       254        92         0       219         0       311
581       124       536        57         0         0         0        45
581       127       562        30         0        19         0        19
589        65       265        88         0       236         0       324
589        30       125        27         0       437       259       464
593       125       543        49         0         1         0        50
603       126       544        48         0        50        49        59
610        43       171       161         0       278       355       439
643        33       141        90         0       412       424       502
678        36       148       134         4       396       495       530
712        71       280       183         0       249         0       432
719        69       274        93         0       352         0       445
719        42       169       150        11       400         0       550
726        22        83       127         0       516         0       643
734        13        54        92         0       588       472       680
764        17        69       150        11       545        44       695
767        37       150        80         4       537       576       617
781        35       145       200         0       436       465       636
783        46       180       183         6       420       539       603
787        72       283       127         0       377       484       504
807        28       115       134         0       558       672       692
836        78       315       134         0       387       274       521
881        66       268       199        16       414       109       613
891        21        80       183        11       628       481       811
942        68       271       161         0       510       610       671
943        10        45       200         0       698         0       898
961        16        68       199        16       694       715       893
974        67       269       150         0       555         0       705
983        61       248       134         0       601         0       735
984        60       245       200         0       539       474       739
985        26       101       200         0       684       633       884
994        76       301       200         0       493       673       693
1027        70       277       108         0       642       312       750
1031        51       201       200        20       630       206       830

Processes: 127
Avg WT = 160.213      Avg RT = 92.8819      Avg TRT = 222.984
Migration %:     RTF= 19.685%,      MaxW= 144.882%
Work Steal%: 87.4016%
Forked Process: 37.0079%
Killed Process: 14.1732%
Processes Finished before deadline: 86%
Processsors: 12 [ 3 FCFS, 4 SJF, 3 EDF, 2 RR ]
 ******** Processors Load *********
p1= 1.69144%,	
p2= 1.9245%,	
p3= 1.73735%,	
p4= 3.02977%,	
p5= 3.0898%,	
p6= 2.56012%,	
p7= 2.46125%,	
p8= 2.29881%,	
p9= 2.90264%,	
p10= 2.29175%,	
p11= 2.12931%,	
p12= 2.28115%,	

 ********* Processors Utiliz ********** 
p1= 48.5801%,	
p2= 54.4456%,	
p3= 50.1529%,	
p4= 90.6977%,	
p5= 90.5797%,	
p6= 76.6385%,	
p7= 74.0701%,	
p8= 68.3824%,	
p9= 84.2213%,	
p10= 67.1843%,	
p11= 62.4224%,	
p12= 66.1885%,	

AvgUtilization = 69.4636%