TT        PID        AT        CT        IO_D        WT      RT      TRT
3         2         2        56         0         0         0         1
16        23         5        11         0         0         0        11
22        43        10        11         0         1         0        12
25        54         4        32         0        21         0        21
25        61         9        37         0        16         0        16
26        58         7        18         0        19         0        19
26        62        13        12         0        13         0        13
26         3         2        24         0         0         0        24
33        57         5        39         0        28         0        28
33        63        29        38         0         4         0         4
33        65        32        35         0         1         0         1
43        52         3        43         0         1         0        40
43        56         5        41         0        38         0        38
43        59         7        38         0        36         0        36
43        66        33        11         0        10         0        10
43        67        34        33         0         9         0         9
43        68        40        27         0         3         0         3
45        69        43        24         0         2         0         2
45        72        44        23         0         1         0         1
45        53         3        41         0        23        23        42
45        71        43         1         0         2         0         2
45        51         2        43         0         0         0        43
47        70        43         3         0         4         0         4
47        60         8        38         0        39         0        39
47         5         2        45         0         0         0        45
59        22         4        55         0         0         0        55
60        74        47       132         0        13         0        13
60        78        54        48         0         6         0         6
61        76        50        52         0        11         0        11
61        77        50        26         0        11         0        11
77        73        46        30         0        31         0        31
77        79        62        14         0        15         0        15
77        55         5        31         0        41        40        72
78        64        30        16         0        48         0        48
78        75        50       129         0        28         0        28
534        40         6        34         0       494         0       528
539        27         5        44         0       490         0       534
544        31         6        11         0       527       528       538
555        36         6        20        20       529       533       549
564        16         4        20        20       540       540       560
575        20         4        34         0       537       551       571
598        88       592         5         0         6         0         6
598        89       594         3         0         4         0         4
598        83       590         8         0         0         0         8
599        87       592         6         0         7         0         7
599        82       590         9         0         0         0         9
600        85       591         8         0         9         9         9
600        81       590        10         0         0         0        10
601        90       599         8         0         2         0         2
601        92       600         7         0         1         0         1
601        84       591         9         0         8         7        10
601        80       589        11         0         1         0        12
601         1         2        35         0       564         0       599
602        95       602         7         0         0         0         0
602        94       602         8         0        -1         0         0
602        91       600         9         0         1         0         2
602        96       602         7         0         0         0         0
602        86       591        10         0         8         8        11
602         4         2        44         0       556         0       600
606        25         5        74         0       527         0       601
619         8         3       100         0       516        56       616
622       102       613         8         0         9         0         9
622        99       610        12         0         0         0        12
622       105       619         2         0         3         0         3
622       100       613         9         0         0         0         9
623       103       615         7         0         8         0         8
623        97       604        18         0         1         0        19
623       101       613         9         0        10         9        10
623        98       605        17         0         1         0        18
623       104       615         7         0         8         0         8
623        93       601        21         0         1         0        22
623        21         4        58         0       561         0       619
625         6         3        65        13       557       561       622
640       110       635         4         0         5         5         5
640       112       639         0         0         1         0         1
640       109       635         5         0         0         0         5
641       107       633         8         0         1         0         8
641       111       638         3         0         3         0         3
641       108       634         7         0         0         0         7
642       106       623        18         0        19         0        19
642        12         3        67         0       572       619       639
645        44        10        34         0       601       615       635
658        42         6        55         0       597         0       652
665        10         3        56         0       606       642       662
1033        39         6        44         0       983         0      1027
1051        11         3        66         0       982         0      1048
1059        41         6        58         0       995       600      1053
1087        19         4        44         0      1039         0      1083
1097        49        12        46         0      1039       589      1085
1100        13         4        35         0      1061      1083      1096
1113        47        12        56         0      1045         0      1101
1117        14         4        34         0      1079      1093      1113
1120        24         5        34         0      1081      1112      1115
1121        30         6        55         0      1060      1114      1115
1141        45        10        74         0      1057      1111      1131
1192        29         6        58         0      1128        10      1186
1201        46        12        66         0      1123       646      1189
1280        38         6       134         0      1140         0      1274
1286        32         6        34         0      1246      1107      1280
1288        37         6        56        27      1226         0      1282
1299        17         4        56        37      1239      1282      1295
1308        48        12        43         0      1253      1276      1296
1325         9         3        87         0      1235       639      1322
1592        33         6        74         0      1512      1135      1586
1597        35         6        56         0      1535         0      1591
1602        28         5        34         0      1563      1592      1597
1609        50        12        90         0      1507         0      1597
1612        18         4       134         0      1474      1588      1608
1622        15         4        74         0      1544      1598      1618
1639         7         3        76        24      1560      1606      1636
1653        26         5       134         0      1514       618      1648
1715        34         6       200        20      1509         0      1709

Processes: 112
Avg WT = 393.696      Avg RT = 219.152      Avg TRT = 421.58
Migration %:     RTF= 66.0714%,      MaxW= 233.036%
Work Steal%: 98.2143%
Forked Process: 55.3571%
Killed Process: 0.892857%
Processes Finished before deadline: 93%
Processsors: 28 [ 6 FCFS, 7 SJF, 7 EDF, 8 RR ]
 ******** Processors Load *********
p1= 0.131309%,	
p2= 0.152487%,	
p3= 0.211788%,	
p4= 0.120719%,	
p5= 0.216024%,	
p6= 0.245674%,	
p7= 0.173666%,	
p8= 0.595125%,	
p9= 0.281678%,	
p10= 0.343097%,	
p11= 0.336743%,	
p12= 0.24991%,	
p13= 0.205434%,	
p14= 0.222378%,	
p15= 0.22026%,	
p16= 0.383337%,	
p17= 0.22026%,	
p18= 0.218142%,	
p19= 0.218142%,	
p20= 0.283796%,	
p21= 0.171548%,	
p22= 0.135544%,	
p23= 0.398162%,	
p24= 0.415105%,	
p25= 0.016943%,	
p26= 0.427812%,	
p27= 0.0550649%,	
p28= 0.0953047%,	

 ********* Processors Utiliz ********** 
p1= 8.69565%,	
p2= 10.0982%,	
p3= 8.23723%,	
p4= 7.99439%,	
p5= 8.40198%,	
p6= 9.55519%,	
p7= 72.5664%,	
p8= 99.2933%,	
p9= 79.6407%,	
p10= 94.186%,	
p11= 75%,	
p12= 55.6604%,	
p13= 45.7547%,	
p14= 49.5283%,	
p15= 49.0566%,	
p16= 85.3774%,	
p17= 74.8201%,	
p18= 48.5849%,	
p19= 48.5849%,	
p20= 63.2076%,	
p21= 38.2075%,	
p22= 30.1887%,	
p23= 26.3675%,	
p24= 27.4895%,	
p25= 3.77358%,	
p26= 28.331%,	
p27= 12.2642%,	
p28= 21.2264%,	

AvgUtilization = 42.2176%