TT        PID        AT        CT        IO_D        WT      RT      TRT
3         2         3        76         0         0         0         0
33        44         5        97         0        28         0        28
33        45         9        58         0        24         0        24
39        41         3        99         0         1         0        36
39        43         4        98         0        35         0        35
39        46        15        87         0        24         0        24
64        42         4        63         0        60         0        60
64        47        34        68         0        30         0        30
64        48        42        25         0        22         0        22
232        26         6        11         0       215         0       226
244        18         5        11         0       228       227       239
251        49       243         8         0         0         0         8
251        24         6        58         0       187         0       245
252        50       246         5         0         6         5         6
252        38        10        11         0       231         0       242
264         8         4        35         0       225       240       260
271        52       256        14         0        15        15        15
271        54       259        11         0        12         0        12
271        51       256        15         0         0         0        15
272        53       257        14         0        15         0        15
272        11         4        20        20       248       248       268
281        57       277        15         0         4         0         4
286        36         6        58         0       222         0       280
290        16         4        58         0       228       247       286
291         1         3        65         0       223       283       288
294        56       277        16         0        17         0        17
294        58       278        15         0        16         0        16
294        34         6        44         0       244       258       288
312        60       295        16         0        17         0        17
312        61       297        14         0        15         0        15
312        17         4        55         0       253       290       308
317        55       276        16         0        37         0        41
317        59       281        11         0        36         0        36
321         3         3       100         0       218         0       318
352        15         4        34         0       314         0       348
360        31         6        20        20       334       346       354
519        27         6        34         0       479       354       513
547        39        10        34         0       503         0       537
725        23         5        34         0       686         0       720
731        25         6        55         0       670         0       725
750        30         6        56         0       688         0       744
755         9         4        34         0       717       727       751
755         6         3        66         0       686       722       752
764        35         6        34         0       724       744       758
779        22         5        44         0       730       750       774
785        14         4        44         0       737       751       781
794        19         5        34         0       755       759       789
834        21         5       134         0       695         0       829
1024         7         3        67         0       954       288      1021
1027        12         4        56        27       967       781      1023
1034        13         4       134         0       896         0      1030
1054        20         5        74         0       975      1019      1049
1057        32         6        56        20       995      1021      1051
1064        40        10        74         0       980      1024      1054
1192         4         3        87         0      1102         0      1189
1201        10         4        74         0      1123      1188      1197
1213        37         6        55         0      1152       773      1207
1228        28         6        74         0      1148         0      1222
1230         5         3        56         0      1171      1210      1227
1424        33         6       134         0      1284       541      1418
1442        29         6       200        37      1236      1418      1436

Processes: 61
Avg WT = 423.557      Avg RT = 266.049      Avg TRT = 462.672
Migration %:     RTF= 145.902%,      MaxW= 306.557%
Work Steal%: 183.607%
Forked Process: 34.4262%
Killed Process: 1.63934%
Processes Finished before deadline: 86%
Processsors: 12 [ 3 FCFS, 3 SJF, 3 EDF, 3 RR ]
 ******** Processors Load *********
p1= 0.364951%,	
p2= 0.279914%,	
p3= 0.216136%,	
p4= 0.729901%,	
p5= 0.811395%,	
p6= 1.30036%,	
p7= 1.02044%,	
p8= 0.67321%,	
p9= 0.846827%,	
p10= 1.26847%,	
p11= 0.577543%,	
p12= 0.510222%,	

 ********* Processors Utiliz ********** 
p1= 9.90385%,	
p2= 7.59615%,	
p3= 5.86538%,	
p4= 87.2881%,	
p5= 52.4027%,	
p6= 83.9817%,	
p7= 60.3774%,	
p8= 69.0909%,	
p9= 54.6911%,	
p10= 34.4231%,	
p11= 25.5486%,	
p12= 32.9519%,	

AvgUtilization = 43.6767%