TT        PID        AT        CT        IO_D        WT      RT      TRT
34         6         8        20         6         6         0        26
62        16        34        27         0         1         0        28
80         8        15        65         0         0         0        65
132         2         3        70         0        59         0       129
221        32        65       156         0         0         0       156
225        12        22        22         0       181       199       203
234        10        19       215         0         0         0       215
253         7         9       145         0        99         0       244
254        14        26        55         6       173         0       228
334        21        42       255         0        37         0       292
337         3         3        78         0       256       250       334
346        17        34        77        12       235       300       312
347        33        65       123         0       159       281       282
352         5         7       170        15       175         0       345
390        34        66       165         0       159         0       324
425        20        41       175         0       209         0       384
511         1         2       100        10       409         0       509
515        19        40       157        11       318        22       475
530        44        85       124         0       321         0       445
548        11        22       110        22       416         0       526
587        27        55       211         6       321         0       532
639        18        38       178         0       423         0       601
647        50       100       126        28       421       415       547
652        15        28       114        29       510       611       624
704        43        84       152        11       468         0       620
717        22        45        99        11       573       659       672
741        13        25        87        26       629       200       716
772        45        86       146        34       540       631       686
850        36        70       156        22       624         0       780
867        35        66       164         0       637         0       801
870        25        51       125        35       694         0       819
884         4         3       154        22       727       864       881
901        28        57       345         7       499         0       844
905         9        16       245        27       644         0       889
930        42        83       154        21       693       151       847
960        37        71       159        57       730         0       889
1083        41        79       246         7       758       508      1004
1134        26        53       322         5       759       458      1081
1171        40        76       211         0       884         0      1095
1287        29        58       320        39       909        22      1229
1297        23        50       256        35       991         0      1247
1301        31        63       213         0      1025         0      1238
1371        39        75       320        27       976         0      1296
1402        48        92       301         0      1009         0      1310
1450        38        72       421         0       957         0      1378
1474        30        61       450        92       963         0      1413
1474        46        90       402        28       982        42      1384
1479        49        98       500         0       881         0      1381
1489        47        92       300        23      1097         0      1397
1500        24        51       445        10      1004         0      1449

Processes: 50
Avg WT = 510.82      Avg RT = 112.26      Avg TRT = 703.44
Migration %:     RTF= 50%,      MaxW= 1324%
Work Steal%: 666%
Forked Process: 0%
Killed Process: 0%
Processes Finished before deadline: 82%
Processsors: 16 [ 4 FCFS, 4 SJF, 4 EDF, 4 RR ]
 ******** Processors Load *********
p1= 0.813147%,	
p2= 0.449221%,	
p3= 0.508928%,	
p4= 0.577164%,	
p5= 3.41465%,	
p6= 3.57102%,	
p7= 3.44308%,	
p8= 3.11327%,	
p9= 2.29444%,	
p10= 1.75992%,	
p11= 1.70022%,	
p12= 1.17139%,	
p13= 0.938246%,	
p14= 1.29933%,	
p15= 1.37609%,	
p16= 1.09462%,	

 ********* Processors Utiliz ********** 
p1= 19.6429%,	
p2= 10.9343%,	
p3= 12.294%,	
p4= 13.7348%,	
p5= 94.6414%,	
p6= 95.6588%,	
p7= 92.2315%,	
p8= 90.1977%,	
p9= 59.4694%,	
p10= 45.2485%,	
p11= 45.1662%,	
p12= 30.117%,	
p13= 23.741%,	
p14= 32.6196%,	
p15= 34.5468%,	
p16= 27.6978%,	

AvgUtilization = 45.4963%